mflab/mfiles/fdmGeo2/duneData/DEMDr9-Dr10.asc
ncols        80
nrows        90
xllcorner    95949.093413245006
yllcorner    484709.084235029994
cellsize     10.000000000000
NODATA_value  -9999
[rows 18 to 35 of 90, columns 0 to 41 of 80]
2.8966100215911865234 2.7368700504302978516 3.2817800045013427734 3.0811901092529296875 3.6631500720977783203 3.2359600067138671875 3.0025999546051025391 3.0144200325012207031 3.0873000621795654297 3.5708699226379394531 3.7087500095367431641 4.0886898040771484375 5.0962700843811035156 7.9747099876403808594 8.6927700042724609375 9.05500030517578125 8.4390401840209960938 8.8609895706176757812 9.0238399505615234375 8.425640106201171875 7.8866000175476074219 7.3928399085998535156 7.22212982177734375 6.7494101524353027344 5.6658101081848144531 1.8706200122833251953 -9999 2.6032099723815917969 4.3602399826049804688 5.9651799201965332031 6.6609101295471191406 6.9638500213623046875 6.8725800514221191406 6.5931801795959472656 6.3813500404357910156 6.2999601364135742188 5.5797200202941894531 -9999 -9999 6.0705599784851074219 6.3466901779174804688 5.7384099960327148438
3.0816600322723388672 3.0317099094390869141 3.2297298908233642578 3.1970300674438476562 3.7144498825073242188 3.2051999568939208984 3.0698599815368652344 2.9693400859832763672 3.0958700180053710938 3.6044900417327880859 3.6926898956298828125 4.2754998207092285156 5.7415599822998046875 7.8093600273132324219 8.6667699813842773438 9.4893598556518554688 8.9839696884155273438 8.121219635009765625 8.1900997161865234375 8.1232404708862304688 7.479290008544921875 6.9714598655700683594 6.6964101791381835938 6.2564301490783691406 4.3100500106811523438 -9999 -9999 3.3678100109100341797 4.6843500137329101562 6.0089502334594726562 6.6043300628662109375 6.3833498954772949219 6.2552599906921386719 6.4596800804138183594 6.3818497657775878906 6.1925601959228515625 5.2028298377990722656 -9999 -9999 6.2554302215576171875 5.9622402191162109375 5.4254698753356933594
4.0906701087951660156 3.9811599254608154297 3.9346699714660644531 3.2608098983764648438 3.4528899192810058594 3.1827499866485595703 3.2442100048065185547 3.0748400688171386719 3.226490020751953125 3.9976000785827636719 4.1449799537658691406 4.8706798553466796875 6.9749999046325683594 8.337459564208984375 9.3879404067993164062 9.8136501312255859375 8.830730438232421875 8.1831798553466796875 8.439029693603515625 7.2698001861572265625 6.6443300247192382812 6.3481302261352539062 6.5631899833679199219 5.1057000160217285156 1.2238999605178833008 -9999 1.4359999895095825195 3.9743900299072265625 5.5149102210998535156 6.2400598526000976562 6.9136700630187988281 6.5392999649047851562 6.1566100120544433594 5.7399001121520996094 5.499629974365234375 5.7679500579833984375 -9999 -9999 -9999 6.5674500465393066406 5.4855098724365234375 -9999
4.1459698677062988281 4.0392699241638183594 4.0619997978210449219 3.5284700393676757812 3.4555399417877197266 3.3565900325775146484 3.4516699314117431641 3.2922499179840087891 3.2865700721740722656 3.8542199134826660156 4.1233201026916503906 5.0992197990417480469 7.10066986083984375 8.53363037109375 8.8095102310180664062 9.3126096725463867188 8.7801198959350585938 8.6556901931762695312 8.3092699050903320312 6.4190301895141601562 5.76165008544921875 6.3751401901245117188 6.9135098457336425781 3.4656701087951660156 -9999 -9999 1.8545299768447875977 4.4770598411560058594 5.5313901901245117188 5.9070501327514648438 6.1831598281860351562 5.5298099517822265625 5.9978699684143066406 5.6652197837829589844 5.8875598907470703125 5.2550902366638183594 -9999 -9999 5.1067900657653808594 6.6223402023315429688 5.553440093994140625 5.5229001045227050781
4.2095999717712402344 4.0554900169372558594 3.9795699119567871094 3.9869999885559082031 3.9397299289703369141 3.9053800106048583984 4.0566701889038085938 3.5068099498748779297 3.569499969482421875 3.8552999496459960938 3.9714999198913574219 5.7485198974609375 7.2907400131225585938 6.9348301887512207031 7.0197801589965820312 8.4481897354125976562 8.0964899063110351562 8.1125497817993164062 7.8844499588012695312 6.1629700660705566406 5.8345499038696289062 6.3388800621032714844 6.4744100570678710938 1.9350399971008300781 -9999 1.202010035514831543 1.9414499998092651367 5.0186800956726074219 5.4319601058959960938 5.3619899749755859375 5.0787100791931152344 4.9324798583984375 5.3508501052856445312 5.7413601875305175781 6.3902001380920410156 -9999 -9999 -9999 5.6549401283264160156 6.6442699432373046875 5.8334398269653320312 5.8354997634887695312
5.48748016357421875 5.0570201873779296875 4.1437997817993164062 3.7750799655914306641 3.6687300205230712891 3.6625800132751464844 4.0030698776245117188 3.9160199165344238281 3.9342300891876220703 3.8803501129150390625 4.0046801567077636719 5.703639984130859375 6.3985300064086914062 6.1623702049255371094 7.0438098907470703125 8.2569599151611328125 8.1617603302001953125 7.7046799659729003906 7.4441699981689453125 6.0898499488830566406 5.6107501983642578125 6.0012798309326171875 5.9714498519897460938 1.2961699962615966797 -9999 1.4370900392532348633 1.7982599735260009766 5.5172901153564453125 5.2627801895141601562 4.9947500228881835938 4.6327900886535644531 4.6236701011657714844 4.9716701507568359375 6.0223598480224609375 6.6937398910522460938 -9999 -9999 -9999 6.3239297866821289062 6.1836099624633789062 5.8198499679565429688 5.5831398963928222656
7.2293801307678222656 8.024959564208984375 8.188739776611328125 4.1293301582336425781 3.9560298919677734375 3.7358000278472900391 3.828639984130859375 4.707759857177734375 4.9008297920227050781 5.0682997703552246094 4.6484899520874023438 6.2321100234985351562 7.2065601348876953125 6.8997697830200195312 7.2445697784423828125 8.5322704315185546875 8.319370269775390625 8.0771303176879882812 7.4070901870727539062 4.7128801345825195312 4.6604900360107421875 5.8112998008728027344 4.7374300956726074219 -9999 -9999 1.8280700445175170898 3.7494900226593017578 5.2215600013732910156 4.6659598350524902344 4.4274201393127441406 4.5991301536560058594 4.479000091552734375 4.8017301559448242188 5.8089799880981445312 5.7799201011657714844 -9999 -9999 6.0022997856140136719 6.7296700477600097656 5.7348799705505371094 5.6216101646423339844 5.5309200286865234375
7.53125 7.9963297843933105469 8.0251598358154296875 4.7169399261474609375 4.1821699142456054688 4.0653400421142578125 4.222789764404296875 5.6415500640869140625 6.3529400825500488281 6.83152008056640625 6.2153902053833007812 6.8256101608276367188 7.2726697921752929688 7.0159201622009277344 7.28125 7.57032012939453125 7.7635197639465332031 8.0109195709228515625 6.306690216064453125 4.5757198333740234375 5.3228898048400878906 5.7589402198791503906 3.0495700836181640625 -9999 1.4988499879837036133 2.4497699737548828125 4.5455098152160644531 5.3215699195861816406 4.9351902008056640625 4.7308001518249511719 4.7955799102783203125 4.5865502357482910156 5.1466898918151855469 6.1337299346923828125 -9999 -9999 -9999 6.349140167236328125 6.4164900779724121094 5.7227702140808105469 5.6789398193359375 5.6645298004150390625
7.6689600944519042969 7.6156101226806640625 8.2546100616455078125 6.0921201705932617188 4.9432301521301269531 5.4911198616027832031 5.6655302047729492188 5.4872798919677734375 6.6394500732421875 7.6647500991821289062 6.6552100181579589844 7.5846600532531738281 7.5743298530578613281 7.283100128173828125 7.1470499038696289062 6.0328898429870605469 6.5039601325988769531 7.7324500083923339844 5.6936101913452148438 5.2726597785949707031 5.8028202056884765625 5.1432700157165527344 -9999 -9999 2.1914899349212646484 4.0488500595092773438 5.3941202163696289062 6.2868099212646484375 5.91230010986328125 5.2524700164794921875 5.0574097633361816406 4.8498101234436035156 5.7211899757385253906 5.9099302291870117188 -9999 -9999 -9999 6.393650054931640625 6.0474500656127929688 5.6875 5.6241698265075683594 5.7701601982116699219
5.7416901588439941406 5.5865201950073242188 6.159999847412109375 5.5919499397277832031 5.6109600067138671875 6.4734702110290527344 7.3598499298095703125 6.24188995361328125 7.8786401748657226562 7.9311699867248535156 7.2569499015808105469 7.6145000457763671875 7.5214900970458984375 7.2614798545837402344 7.3488302230834960938 7.4502401351928710938 6.9144601821899414062 6.0735301971435546875 5.16790008544921875 6.0390300750732421875 5.8392400741577148438 3.7025101184844970703 -9999 1.7120000123977661133 3.5013499259948730469 5.5320501327514648438 5.7567801475524902344 6.523509979248046875 6.9158601760864257812 6.2996001243591308594 5.6614198684692382812 5.5226001739501953125 6.0508298873901367188 -9999 -9999 -9999 5.8719701766967773438 6.3365302085876464844 5.6814899444580078125 5.7822899818420410156 5.8135099411010742188 5.7376198768615722656
3.7267000675201416016 4.3666400909423828125 4.275279998779296875 5.3743801116943359375 7.2777400016784667969 8.0540103912353515625 8.8889799118041992188 6.5157999992370605469 6.5205101966857910156 6.5691099166870117188 6.2804498672485351562 6.4875497817993164062 5.5792098045349121094 5.1542501449584960938 5.3426299095153808594 5.3200497627258300781 6.1936101913452148438 6.1378798484802246094 5.7657999992370605469 5.9040799140930175781 4.3614501953125 -9999 -9999 3.2754800319671630859 5.0357999801635742188 5.7894201278686523438 5.6032700538635253906 6.1397800445556640625 6.441120147705078125 6.7858500480651855469 6.2048401832580566406 6.4278402328491210938 5.5715699195861816406 -9999 -9999 -9999 6.540599822998046875 6.1161098480224609375 5.7683300971984863281 5.6570901870727539062 5.6794800758361816406 5.5495700836181640625
3.9193201065063476562 4.4087200164794921875 4.3431601524353027344 5.8056797981262207031 7.7544498443603515625 9.8648700714111328125 10.150409698486328125 6.6951699256896972656 6.2375798225402832031 5.5519299507141113281 6.0735998153686523438 5.5731101036071777344 5.4244399070739746094 5.2896800041198730469 5.050769805908203125 6.2313799858093261719 6.3381500244140625 5.9576802253723144531 5.831150054931640625 5.65522003173828125 2.7134099006652832031 -9999 -9999 3.5994598865509033203 4.9830198287963867188 5.7473697662353515625 5.9510598182678222656 6.7816300392150878906 6.7820000648498535156 6.691619873046875 6.9770598411560058594 6.7616100311279296875 5.2834801673889160156 -9999 -9999 6.4752697944641113281 6.6780400276184082031 6.2427701950073242188 5.7822198867797851562 5.6156301498413085938 5.5681099891662597656 5.4649300575256347656
4.3839998245239257812 4.3426899909973144531 4.3678998947143554688 6.5486998558044433594 7.9933600425720214844 8.7928895950317382812 8.7723598480224609375 6.7926301956176757812 6.440219879150390625 6.5327701568603515625 6.4959998130798339844 4.8902502059936523438 4.6603097915649414062 4.7294898033142089844 5.2381701469421386719 5.5848398208618164062 5.50102996826171875 5.5195598602294921875 5.8119997978210449219 4.8704700469970703125 1.9808199405670166016 -9999 1.3897800445556640625 4.0771198272705078125 5.4439501762390136719 6.0838198661804199219 6.8556499481201171875 6.3709998130798339844 6.6900701522827148438 7.4503197669982910156 7.0906901359558105469 6.5289602279663085938 5.8662600517272949219 -9999 5.1443200111389160156 6.7027502059936523438 6.5868000984191894531 5.8035798072814941406 5.6421399116516113281 5.6233401298522949219 5.5758900642395019531 -9999
4.8527798652648925781 4.8399400711059570312 5.7119598388671875 7.31587982177734375 7.5428600311279296875 7.9607601165771484375 7.8063898086547851562 6.5303301811218261719 6.5617499351501464844 7.5893502235412597656 6.8515801429748535156 4.3603701591491699219 4.3772301673889160156 4.6753802299499511719 5.2662100791931152344 5.2767500877380371094 5.3030099868774414062 5.7403302192687988281 6.422550201416015625 3.5257599353790283203 -9999 -9999 1.7897000312805175781 4.5091600418090820312 5.3517098426818847656 6.2467598915100097656 7.27696990966796875 6.7023801803588867188 7.4448599815368652344 7.9791498184204101562 7.6823601722717285156 6.4739298820495605469 6.6467800140380859375 6.4069800376892089844 6.507740020751953125 6.809329986572265625 6.1957402229309082031 5.6669402122497558594 5.6834897994995117188 5.6723198890686035156 5.6084399223327636719 5.4951801300048828125
9.497039794921875 9.9197301864624023438 10.133330345153808594 9.3798704147338867188 8.4630498886108398438 8.8045396804809570312 8.1928195953369140625 5.9618701934814453125 5.6314101219177246094 6.0757198333740234375 5.6048498153686523438 4.3260498046875 4.3021402359008789062 4.6376800537109375 5.7310900688171386719 6.0395002365112304688 6.14134979248046875 6.4164700508117675781 6.0044598579406738281 1.2670799493789672852 -9999 1.5913900136947631836 2.889080047607421875 5.4131097793579101562 6.8250398635864257812 7.4388399124145507812 7.7911601066589355469 9.233539581298828125 8.4283399581909179688 7.5385999679565429688 6.5535101890563964844 -9999 -9999 6.1344499588012695312 7.208370208740234375 7.6145901679992675781 7.7135601043701171875 7.6341300010681152344 7.4536700248718261719 6.0576801300048828125 5.5901598930358886719 5.4505701065063476562
10.441619873046875 10.866709709167480469 10.64871978759765625 9.3697795867919921875 8.3943195343017578125 9.024959564208984375 8.3409795761108398438 5.1941399574279785156 4.9784798622131347656 5.7161002159118652344 5.8552498817443847656 5.0613799095153808594 5.1422801017761230469 5.7413201332092285156 6.4389901161193847656 5.7617897987365722656 5.9587001800537109375 6.6282901763916015625 5.5965399742126464844 0.71457999944686889648 -9999 2.0652799606323242188 3.5138900279998779297 6.2367901802062988281 7.7748498916625976562 8.3841104507446289062 8.25778961181640625 8.7567501068115234375 8.8908395767211914062 7.623600006103515625 6.3644499778747558594 -9999 -9999 6.708370208740234375 7.6093201637268066406 7.9001898765563964844 8.138050079345703125 8.336910247802734375 7.8734698295593261719 5.8425798416137695312 5.5721302032470703125 -9999
11.666720390319824219 11.675089836120605469 11.294429779052734375 9.6276197433471679688 8.7457895278930664062 8.6560802459716796875 7.3079400062561035156 4.683010101318359375 4.6569199562072753906 5.7721199989318847656 5.8592500686645507812 6.0030598640441894531 5.5527501106262207031 5.8871698379516601562 5.3645801544189453125 5.2373700141906738281 5.5026597976684570312 5.9251999855041503906 4.6905798912048339844 -9999 1.434100031852722168 2.6587901115417480469 4.0014300346374511719 6.9630899429321289062 8.5089998245239257812 8.9289398193359375 8.6607599258422851562 8.7941503524780273438 9.0726003646850585938 7.8269300460815429688 6.2538499832153320312 -9999 6.1921100616455078125 7.4891300201416015625 7.9649901390075683594 7.5402598381042480469 7.8865900039672851562 8.2113399505615234375 7.7911901473999023438 5.9996700286865234375 5.5550999641418457031 -9999
11.469719886779785156 11.19734954833984375 10.892299652099609375 9.3931598663330078125 8.491180419921875 7.3870100975036621094 6.4963498115539550781 4.5123400688171386719 4.5129098892211914062 5.0015702247619628906 5.4038701057434082031 6.5175800323486328125 5.17819976806640625 4.9888901710510253906 5.214389801025390625 5.2467799186706542969 5.5450901985168457031 5.8018898963928222656 3.0279700756072998047 -9999 1.712350010871887207 3.2187199592590332031 4.5842800140380859375 7.8642902374267578125 9.3762598037719726562 9.4829301834106445312 9.3191499710083007812 9.0176801681518554688 8.8615398406982421875 7.3657298088073730469 6.0902199745178222656 -9999 6.4320302009582519531 7.5849499702453613281 8.0141401290893554688 6.7030901908874511719 7.4263601303100585938 8.0163898468017578125 7.7335300445556640625 6.0167798995971679688 5.5421400070190429688 -9999
