mflab/mfiles/fdmGeo2/duneData/DEMDr9-Dr10.asc
ncols        80
nrows        90
xllcorner    95949.093413245006
yllcorner    484709.084235029994
cellsize     10.000000000000
NODATA_value  -9999
[rows 36 to 53 of 90, columns 0 to 41 of 80]
10.825469970703125 10.975999832153320312 10.907290458679199219 10.102410316467285156 8.6164398193359375 8.197299957275390625 7.5370998382568359375 5.2349700927734375 5.0370697975158691406 4.7157101631164550781 4.6455798149108886719 4.9647698402404785156 5.0585699081420898438 5.2660899162292480469 5.3399701118469238281 5.6568698883056640625 5.9446501731872558594 3.8336598873138427734 -9999 -9999 2.7551701068878173828 3.9033401012420654297 5.5014901161193847656 9.5009403228759765625 11.029370307922363281 10.147489547729492188 9.3610296249389648438 9.1519002914428710938 7.3385701179504394531 6.1343398094177246094 -9999 -9999 7.7990598678588867188 8.8399496078491210938 8.446720123291015625 6.7370800971984863281 6.2248301506042480469 6.2259697914123535156 6.4973697662353515625 5.6059198379516601562 -9999 -9999
10.951399803161621094 10.760499954223632812 10.361200332641601562 9.449680328369140625 8.6483297348022460938 8.4467897415161132812 7.4809098243713378906 5.1310300827026367188 5.1664900779724121094 5.4505701065063476562 5.3184499740600585938 6.6618299484252929688 6.5359501838684082031 5.5148501396179199219 5.4829401969909667969 6.3938398361206054688 5.7373700141906738281 2.2911999225616455078 -9999 1.9594199657440185547 3.1371099948883056641 4.2924599647521972656 6.0405898094177246094 9.9504899978637695312 10.871959686279296875 9.3919897079467773438 8.2727804183959960938 9.132450103759765625 7.2458901405334472656 -9999 -9999 -9999 8.3983097076416015625 9.2183198928833007812 8.5990800857543945312 7.3345899581909179688 6.9492502212524414062 6.2509799003601074219 5.8314800262451171875 5.5708298683166503906 -9999 5.7245001792907714844
11.872480392456054688 11.295020103454589844 10.970009803771972656 9.5054903030395507812 8.9539499282836914062 8.348560333251953125 7.3045802116394042969 4.931529998779296875 4.8283801078796386719 5.7082700729370117188 6.5581998825073242188 8.3854198455810546875 7.9167699813842773438 6.3953199386596679688 6.3440098762512207031 6.4223299026489257812 4.61837005615234375 1.1986099481582641602 -9999 2.4874100685119628906 3.5007200241088867188 5.001850128173828125 6.834529876708984375 9.2590503692626953125 8.580169677734375 8.703769683837890625 8.4199895858764648438 8.9092702865600585938 6.9227199554443359375 -9999 -9999 -9999 8.4489202499389648438 9.5144300460815429688 8.6961698532104492188 8.0579700469970703125 7.49983978271484375 6.6272602081298828125 5.6404600143432617188 -9999 -9999 6.0730500221252441406
11.876429557800292969 11.256099700927734375 10.0692596435546875 8.8058795928955078125 9.215160369873046875 8.2447299957275390625 6.8335499763488769531 4.7827301025390625 4.6541800498962402344 5.7744498252868652344 6.6661100387573242188 9.1712703704833984375 9.047260284423828125 7.9820499420166015625 8.2825498580932617188 6.0932698249816894531 3.1628000736236572266 -9999 -9999 2.7916998863220214844 3.7684199810028076172 5.3505301475524902344 6.77902984619140625 8.011569976806640625 8.501850128173828125 8.4707002639770507812 9.10774993896484375 9.0585699081420898438 6.9867701530456542969 -9999 -9999 7.0991301536560058594 8.7922601699829101562 10.134340286254882812 9.775119781494140625 9.2784900665283203125 8.037509918212890625 7.0089101791381835938 5.8072199821472167969 -9999 5.6842498779296875 6.2543301582336425781
10.608030319213867188 10.281009674072265625 10.411709785461425781 7.6637701988220214844 7.0088400840759277344 7.5151200294494628906 6.7937397956848144531 5.1609997749328613281 6.1864600181579589844 7.0139598846435546875 6.9542498588562011719 7.2981901168823242188 5.6895899772644042969 6.1306600570678710938 7.0635099411010742188 3.5337300300598144531 0.73580002784729003906 -9999 1.7221000194549560547 3.7731599807739257812 4.8342499732971191406 5.5992498397827148438 5.7505297660827636719 6.8208298683166503906 7.9214501380920410156 8.4639902114868164062 9.5650501251220703125 8.3202695846557617188 6.4321198463439941406 -9999 -9999 7.3383998870849609375 9.570850372314453125 11.103030204772949219 12.731069564819335938 10.884280204772949219 9.6451597213745117188 8.0035800933837890625 6.3003401756286621094 -9999 5.6464400291442871094 6.4137101173400878906
10.572429656982421875 10.536820411682128906 9.2511301040649414062 6.3167400360107421875 5.24662017822265625 5.259799957275390625 5.5460400581359863281 5.6417598724365234375 6.4914398193359375 5.949069976806640625 5.7602601051330566406 6.76548004150390625 5.9510898590087890625 5.6958699226379394531 6.57563018798828125 1.9783600568771362305 -9999 -9999 2.4109799861907958984 4.944210052490234375 5.1163997650146484375 5.235260009765625 5.6126198768615722656 6.3522701263427734375 6.2787299156188964844 7.7061200141906738281 8.9021100997924804688 7.7226700782775878906 6.0694398880004882812 -9999 -9999 7.5257601737976074219 9.694339752197265625 11.348979949951171875 13.406709671020507812 12.483249664306640625 10.184180259704589844 8.1000995635986328125 6.3553700447082519531 -9999 5.7949199676513671875 6.7494997978210449219
10.242980003356933594 8.3472003936767578125 6.253910064697265625 4.7801098823547363281 4.4274997711181640625 4.8127799034118652344 5.1110501289367675781 5.5599598884582519531 5.2375202178955078125 5.2901401519775390625 5.7063899040222167969 6.0644998550415039062 5.4036397933959960938 5.9848299026489257812 6.5879597663879394531 0.89947998523712158203 -9999 1.5028500556945800781 3.0841300487518310547 5.1488299369812011719 4.4779400825500488281 4.9808602333068847656 5.4158601760864257812 5.6182098388671875 5.7492799758911132812 6.7347698211669921875 8.3346300125122070312 6.670169830322265625 -9999 -9999 -9999 7.6952900886535644531 9.7223997116088867188 11.294819831848144531 12.990400314331054688 11.468469619750976562 9.4651002883911132812 7.4185199737548828125 6.2385001182556152344 -9999 6.1249299049377441406 7.2482199668884277344
6.2707600593566894531 4.9110398292541503906 4.4600000381469726562 4.4591999053955078125 5.3442101478576660156 6.4384398460388183594 6.2986598014831542969 6.0942301750183105469 5.6257600784301757812 4.736209869384765625 4.414569854736328125 6.1092600822448730469 6.6072998046875 6.8167500495910644531 4.8897299766540527344 -9999 -9999 2.3674099445343017578 3.9152200222015380859 5.0140900611877441406 5.019229888916015625 5.5007600784301757812 4.9914898872375488281 5.2868099212646484375 5.6284098625183105469 5.9489698410034179688 6.8980698585510253906 5.8989200592041015625 -9999 -9999 -9999 8.5465002059936523438 8.3355398178100585938 8.015270233154296875 9.8448200225830078125 9.839870452880859375 7.9894800186157226562 6.5373301506042480469 5.8791499137878417969 -9999 6.2315201759338378906 7.4077701568603515625
5.1399698257446289062 5.6463098526000976562 5.8585500717163085938 5.9334001541137695312 6.73583984375 6.0002899169921875 5.7556099891662597656 5.5694298744201660156 5.9830799102783203125 4.7518601417541503906 5.2516498565673828125 6.9093499183654785156 6.9977698326110839844 6.5837001800537109375 2.9854099750518798828 -9999 1.6666300296783447266 3.1387999057769775391 4.8464198112487792969 4.6006398200988769531 4.6558899879455566406 5.1424798965454101562 4.9339299201965332031 5.3118200302124023438 5.6151299476623535156 6.289279937744140625 7.1306400299072265625 -9999 -9999 -9999 6.6230001449584960938 7.9883799552917480469 6.8119702339172363281 6.9275298118591308594 8.5247802734375 9.2229795455932617188 7.9085698127746582031 6.2667498588562011719 5.6474199295043945312 5.7059597969055175781 6.134349822998046875 6.5638298988342285156
5.4443101882934570312 6.5588598251342773438 7.5214200019836425781 7.1552300453186035156 6.7999100685119628906 6.4204702377319335938 6.2546601295471191406 5.5793499946594238281 5.6457200050354003906 5.7675299644470214844 7.169750213623046875 7.0233101844787597656 7.0127000808715820312 5.5617399215698242188 1.4710400104522705078 -9999 2.2153298854827880859 4.0710000991821289062 5.6656398773193359375 4.8452601432800292969 4.8556399345397949219 5.0532999038696289062 5.1743302345275878906 5.4756898880004882812 5.7213201522827148438 6.447460174560546875 6.8245301246643066406 -9999 -9999 6.216159820556640625 7.3155398368835449219 6.6060400009155273438 5.9588198661804199219 6.2157101631164550781 6.8318800926208496094 7.3138399124145507812 6.8633198738098144531 6.176380157470703125 -9999 -9999 5.7535099983215332031 6.0957498550415039062
6.4798002243041992188 7.2155399322509765625 7.6360101699829101562 7.254940032958984375 7.0024800300598144531 7.19503021240234375 6.7100701332092285156 5.6089100837707519531 6.2633199691772460938 7.4422202110290527344 7.5912599563598632812 7.28816986083984375 6.9623198509216308594 3.7473299503326416016 -9999 -9999 2.7585999965667724609 4.8200697898864746094 6.015689849853515625 4.9465999603271484375 4.7203202247619628906 5.0923900604248046875 5.5053300857543945312 5.3734002113342285156 5.2868099212646484375 6.3177800178527832031 6.5144901275634765625 -9999 -9999 6.402339935302734375 7.60272979736328125 6.4460101127624511719 5.888790130615234375 5.8673000335693359375 5.8562498092651367188 5.9295501708984375 5.9148402214050292969 5.72760009765625 -9999 5.8232197761535644531 5.8368401527404785156 6.21343994140625
8.1696996688842773438 8.6244401931762695312 9.2018499374389648438 9.3134298324584960938 8.0235500335693359375 7.5646300315856933594 7.0780701637268066406 7.8867402076721191406 8.260700225830078125 8.1699199676513671875 7.9717798233032226562 7.2880101203918457031 4.5432901382446289062 0.95366001129150390625 -9999 2.1824100017547607422 3.7720398902893066406 5.0984997749328613281 6.0848698616027832031 4.3989200592041015625 4.4714498519897460938 4.811389923095703125 5.000820159912109375 5.7066202163696289062 6.5234198570251464844 6.6825699806213378906 -9999 -9999 -9999 6.5167098045349121094 7.3552799224853515625 6.3351497650146484375 5.87100982666015625 5.838520050048828125 5.8188800811767578125 5.6149702072143554688 5.6993398666381835938 5.6459197998046875 -9999 5.6810898780822753906 5.7080302238464355469 5.8972001075744628906
9.7932901382446289062 10.378569602966308594 10.225170135498046875 8.3235998153686523438 7.411769866943359375 7.3107700347900390625 7.1862797737121582031 8.6222095489501953125 8.616359710693359375 8.40464019775390625 8.0567197799682617188 6.6868600845336914062 2.6022999286651611328 -9999 -9999 2.9948799610137939453 4.5940799713134765625 5.5041799545288085938 5.960849761962890625 4.8335700035095214844 4.6303400993347167969 4.7497801780700683594 4.9246301651000976562 5.7477397918701171875 6.5850901603698730469 6.2830400466918945312 -9999 -9999 -9999 6.4628300666809082031 7.1264300346374511719 6.0161199569702148438 6.0076298713684082031 6.2597198486328125 6.0895700454711914062 5.7579598426818847656 5.6764597892761230469 5.5819602012634277344 -9999 5.7414698600769042969 5.7381000518798828125 5.7858300209045410156
11.088689804077148438 10.15093994140625 9.5457601547241210938 8.2191400527954101562 7.8207402229309082031 7.8904399871826171875 8.7398900985717773438 8.9465503692626953125 8.8665704727172851562 8.5837297439575195312 8.3178195953369140625 5.2925901412963867188 1.2740999460220336914 -9999 1.2533899545669555664 3.9284100532531738281 5.2989301681518554688 5.623809814453125 5.1787600517272949219 5.1375098228454589844 4.6170902252197265625 4.9182600975036621094 5.1136298179626464844 5.9830198287963867188 6.5322699546813964844 6.0011501312255859375 -9999 -9999 -9999 6.2915101051330566406 6.9608201980590820312 5.9356698989868164062 5.7487702369689941406 6.1232199668884277344 5.9876198768615722656 5.8393201828002929688 5.7503099441528320312 -9999 5.7669100761413574219 5.9099001884460449219 5.8596701622009277344 5.8579897880554199219
9.5214595794677734375 8.9660701751708984375 9.0896902084350585938 9.6857004165649414062 9.2914400100708007812 9.6206798553466796875 9.6083097457885742188 9.1717100143432617188 9.0360898971557617188 8.6682100296020507812 8.388660430908203125 3.4378099441528320312 0.73829001188278198242 -9999 1.5709500312805175781 4.5774598121643066406 5.0836400985717773438 5.3218097686767578125 4.8895001411437988281 5.0453500747680664062 4.7560100555419921875 4.8958601951599121094 4.9741101264953613281 6.3156399726867675781 6.4442300796508789062 -9999 -9999 -9999 -9999 6.2001700401306152344 6.9335699081420898438 5.8987097740173339844 -9999 6.1196999549865722656 6.0222201347351074219 5.7361102104187011719 5.7126002311706542969 -9999 5.7934498786926269531 5.9712300300598144531 5.9534101486206054688 5.8992600440979003906
5.8522500991821289062 7.5995898246765136719 9.7252597808837890625 10.274860382080078125 9.0427303314208984375 9.1707897186279296875 9.7469701766967773438 9.4205102920532226562 8.8669595718383789062 8.6124696731567382812 7.5517301559448242188 0.92676001787185668945 -9999 -9999 2.4923100471496582031 5.4284200668334960938 5.6347899436950683594 5.2260499000549316406 4.7278199195861816406 4.9007401466369628906 5.3383097648620605469 5.2935700416564941406 4.8017601966857910156 6.610340118408203125 6.2029900550842285156 -9999 -9999 -9999 -9999 6.2941699028015136719 6.9075098037719726562 5.96949005126953125 6.004119873046875 6.0368399620056152344 6.0026302337646484375 6.1312999725341796875 5.9174399375915527344 5.9491901397705078125 6.0709900856018066406 5.9375 5.9032797813415527344 5.8291997909545898438
6.2092700004577636719 7.0129098892211914062 8.2395801544189453125 8.5640897750854492188 8.50839996337890625 9.609180450439453125 10.092639923095703125 9.3700799942016601562 8.9287099838256835938 8.3202800750732421875 6.6429901123046875 0.70907002687454223633 -9999 1.6825200319290161133 3.211669921875 6.1902899742126464844 5.6834897994995117188 5.4530501365661621094 5.4177699089050292969 4.8387498855590820312 5.292819976806640625 5.6296601295471191406 5.5457601547241210938 6.6888799667358398438 6.1198000907897949219 -9999 -9999 -9999 -9999 6.3595600128173828125 6.9781398773193359375 6.0764298439025878906 5.9668498039245605469 6.0219898223876953125 5.9917597770690917969 5.9212398529052734375 5.9409098625183105469 5.9635801315307617188 6.3706498146057128906 6.3477301597595214844 6.2688198089599609375 6.1807999610900878906
6.5478901863098144531 7.1816000938415527344 7.49777984619140625 8.24160003662109375 9.4856595993041992188 10.305009841918945312 10.203579902648925781 8.7580404281616210938 8.9336900711059570312 7.8783998489379882812 5.0311498641967773438 -9999 -9999 2.2858800888061523438 4.22863006591796875 6.3770098686218261719 5.4159097671508789062 5.5561900138854980469 5.379730224609375 4.7686200141906738281 5.2163701057434082031 5.8933801651000976562 6.1032099723815917969 6.6450400352478027344 -9999 -9999 -9999 -9999 -9999 6.4800701141357421875 7.0064401626586914062 5.9126000404357910156 5.9485101699829101562 5.9935197830200195312 5.9776201248168945312 5.980899810791015625 5.9530301094055175781 5.945400238037109375 6.0127000808715820312 6.0806798934936523438 6.1849598884582519531 6.2922301292419433594
