mflab/mfiles/fdmGeo2/duneData/DEMDr9-Dr10.asc
ncols        80
nrows        90
xllcorner    95949.093413245006
yllcorner    484709.084235029994
cellsize     10.000000000000
NODATA_value  -9999
[rows 0 to 17 of 90, columns 0 to 41 of 80]
6.2958102226257324219 6.2495198249816894531 6.2172298431396484375 5.5914697647094726562 4.3235502243041992188 4.1042799949645996094 3.8886699676513671875 3.4243600368499755859 3.2736001014709472656 3.0871899127960205078 2.6389100551605224609 3.7544500827789306641 4.0245800018310546875 4.6633000373840332031 5.3912701606750488281 6.8636298179626464844 8.4415502548217773438 9.63751983642578125 9.195980072021484375 9.2865495681762695312 9.68527984619140625 9.1501598358154296875 9.6659498214721679688 9.0019502639770507812 8.6024904251098632812 8.70594024658203125 10.629940032958984375 11.449099540710449219 10.061440467834472656 9.6805295944213867188 9.5663700103759765625 7.027050018310546875 2.5929698944091796875 -9999 0.98225998878479003906 3.1126201152801513672 5.4850897789001464844 7.3175501823425292969 9.6831102371215820312 14.758350372314453125 17.976850509643554688 20.546369552612304688
4.9828701019287109375 5.0512299537658691406 4.9392299652099609375 3.755970001220703125 3.3807399272918701172 3.1606400012969970703 2.9229199886322021484 3.2449700832366943359 2.9855399131774902344 2.6360399723052978516 2.5986399650573730469 3.5100998878479003906 3.6175899505615234375 3.7374498844146728516 3.9473700523376464844 6.8544597625732421875 8.7466001510620117188 9.9802303314208984375 10.012499809265136719 10.230879783630371094 10.053540229797363281 10.565250396728515625 11.446749687194824219 9.554340362548828125 7.3081698417663574219 6.5901598930358886719 8.2135801315307617188 9.5965900421142578125 9.022190093994140625 8.9582300186157226562 9.1030101776123046875 4.9991698265075683594 1.196269989013671875 -9999 1.1962200403213500977 3.6371400356292724609 6.1466999053955078125 8.5317096710205078125 11.229249954223632812 16.263759613037109375 19.839429855346679688 21.767969131469726562
3.5656399726867675781 3.490200042724609375 3.4103701114654541016 3.2493801116943359375 3.2261700630187988281 3.1117498874664306641 3.1454401016235351562 3.1377999782562255859 2.7691600322723388672 2.7581300735473632812 2.7011001110076904297 3.3007500171661376953 3.4096200466156005859 3.5959300994873046875 4.63031005859375 8.3656301498413085938 9.7316904067993164062 10.725749969482421875 11.179650306701660156 10.739720344543457031 10.916700363159179688 10.822030067443847656 11.037569999694824219 9.56443023681640625 7.10803985595703125 7.4622502326965332031 8.0778799057006835938 8.565509796142578125 8.4541101455688476562 8.1966800689697265625 8.8127899169921875 3.3717899322509765625 -9999 -9999 1.45326995849609375 4.8170900344848632812 7.183139801025390625 9.7765102386474609375 12.203789710998535156 17.817020416259765625 21.526800155639648438 21.910699844360351562
2.9214999675750732422 3.1872398853302001953 3.2448799610137939453 3.3499600887298583984 3.3739199638366699219 3.2106599807739257812 3.1799700260162353516 2.9372899532318115234 2.9353899955749511719 3.1434299945831298828 3.1354401111602783203 3.5822699069976806641 3.4295001029968261719 4.0743899345397949219 6.5152301788330078125 9.7817296981811523438 9.8552598953247070312 10.107680320739746094 11.428540229797363281 11.215069770812988281 9.9561595916748046875 9.2833795547485351562 8.9026002883911132812 9.3342304229736328125 7.1422600746154785156 7.7918400764465332031 7.9867801666259765625 7.9923601150512695312 7.9190301895141601562 7.9138498306274414062 8.59654998779296875 1.702239990234375 -9999 1.1503499746322631836 1.8263000249862670898 5.920909881591796875 8.3568601608276367188 10.69293975830078125 13.216589927673339844 19.184770584106445312 21.430990219116210938 20.895109176635742188
2.7062699794769287109 3.0163400173187255859 3.5150799751281738281 3.8245499134063720703 3.893650054931640625 3.8273000717163085938 3.5701799392700195312 3.1011900901794433594 3.2188699245452880859 3.1139199733734130859 3.2217500209808349609 3.9889700412750244141 5.4560999870300292969 8.4551601409912109375 10.760890007019042969 12.178669929504394531 12.354909896850585938 11.906689643859863281 10.963210105895996094 9.4179897308349609375 7.0194201469421386719 6.04850006103515625 6.5618000030517578125 7.9594798088073730469 7.5794200897216796875 7.8031702041625976562 7.9461197853088378906 7.6147799491882324219 7.5586299896240234375 8.173999786376953125 6.5783801078796386719 -9999 -9999 1.5701400041580200195 3.0614600181579589844 8.0245504379272460938 10.811880111694335938 13.30084991455078125 15.729120254516601562 20.73596954345703125 20.805349349975585938 19.21327972412109375
2.9988200664520263672 3.2338099479675292969 3.5716500282287597656 3.9679598808288574219 4.0750298500061035156 3.971630096435546875 3.8174700736999511719 3.4725100994110107422 3.4650800228118896484 3.5570499897003173828 3.7661900520324707031 4.279850006103515625 6.4890298843383789062 9.9546604156494140625 11.273530006408691406 11.135600090026855469 11.72451019287109375 11.829019546508789062 11.248640060424804688 10.707790374755859375 8.565349578857421875 6.9605898857116699219 7.1586198806762695312 7.703929901123046875 7.6746602058410644531 7.7698798179626464844 7.7077798843383789062 7.6615300178527832031 7.8159899711608886719 7.9195699691772460938 4.7014899253845214844 -9999 1.2952200174331665039 2.0040900707244873047 3.8157699108123779297 8.863140106201171875 11.836079597473144531 15.009539604187011719 17.7302703857421875 19.8411102294921875 17.931459426879882812 16.087490081787109375
3.4025800228118896484 3.3133499622344970703 3.1039400100708007812 3.1290700435638427734 3.7835700511932373047 4.0283398628234863281 3.9597198963165283203 3.5896499156951904297 3.6071600914001464844 3.3996899127960205078 3.4312601089477539062 4.2081699371337890625 5.9366998672485351562 9.304630279541015625 11.546159744262695312 9.99752044677734375 10.241330146789550781 11.108229637145996094 12.309720039367675781 13.554599761962890625 10.62747955322265625 7.9114499092102050781 7.4208898544311523438 7.417079925537109375 7.5943999290466308594 7.5728201866149902344 7.4802298545837402344 7.6274700164794921875 7.7925000190734863281 7.0440897941589355469 2.7885100841522216797 -9999 1.4364600181579589844 2.3924601078033447266 4.2452001571655273438 9.571849822998046875 12.468850135803222656 15.884409904479980469 18.448480606079101562 16.547359466552734375 14.560210227966308594 13.167090415954589844
3.1657400131225585938 2.9789099693298339844 2.8224298954010009766 2.3645000457763671875 2.8871901035308837891 3.4541099071502685547 3.8681700229644775391 3.5753200054168701172 3.4273099899291992188 3.0300400257110595703 3.1202499866485595703 3.8752899169921875 5.0074100494384765625 8.1019001007080078125 11.390469551086425781 10.754659652709960938 10.0277099609375 10.525710105895996094 12.018520355224609375 13.678839683532714844 12.202050209045410156 10.008230209350585938 7.7618799209594726562 7.457759857177734375 7.4506697654724121094 7.2393198013305664062 7.2927198410034179688 7.5800099372863769531 7.6017298698425292969 5.4701099395751953125 -9999 -9999 1.6340099573135375977 2.7760400772094726562 4.5221600532531738281 10.049480438232421875 13.031809806823730469 15.395170211791992188 15.972299575805664062 13.307809829711914062 11.755249977111816406 10.764530181884765625
3.0568399429321289062 2.8738598823547363281 3.1968400478363037109 3.4136099815368652344 3.3296101093292236328 3.3793499469757080078 3.5089800357818603516 3.5368700027465820312 3.1133298873901367188 3.0064599514007568359 3.2188398838043212891 3.66641998291015625 4.0602102279663085938 6.2920899391174316406 9.3289203643798828125 10.650259971618652344 11.264829635620117188 11.591540336608886719 12.179989814758300781 13.837149620056152344 13.55970001220703125 11.137769699096679688 8.3746004104614257812 6.0716800689697265625 6.5088901519775390625 7.0415902137756347656 7.3635101318359375 7.29541015625 6.0592598915100097656 1.8449399471282958984 -9999 1.5519200563430786133 2.5340399742126464844 3.1204800605773925781 4.08489990234375 8.6688899993896484375 10.104020118713378906 10.342390060424804688 9.201000213623046875 6.9940500259399414062 6.4008698463439941406 5.7167201042175292969
3.3789598941802978516 3.2466800212860107422 3.3933699131011962891 3.4157400131225585938 3.3389101028442382812 3.3290400505065917969 3.5628099441528320312 3.5118501186370849609 3.0164699554443359375 3.1292500495910644531 3.1525199413299560547 3.7451601028442382812 4.0002698898315429688 5.5189499855041503906 8.518520355224609375 10.367300033569335938 11.237839698791503906 12.40847015380859375 12.948510169982910156 13.455080032348632812 13.00160980224609375 11.279259681701660156 9.0929498672485351562 6.4796700477600097656 6.8275098800659179688 7.0714101791381835938 7.4410200119018554688 7.04199981689453125 4.2504801750183105469 -9999 -9999 1.9881700277328491211 3.3294899463653564453 3.6600298881530761719 4.3910498619079589844 6.8592600822448730469 7.6752800941467285156 8.1461400985717773438 7.0180602073669433594 6.2226700782775878906 5.2009601593017578125 5.1738801002502441406
3.2861199378967285156 3.5193300247192382812 3.4978499412536621094 3.470890045166015625 3.3555300235748291016 3.2589499950408935547 3.4287500381469726562 3.5164399147033691406 2.9725999832153320312 3.0047600269317626953 3.2106599807739257812 3.8986198902130126953 4.0362901687622070312 5.0139298439025878906 7.3937997817993164062 11.156869888305664062 12.287830352783203125 13.083930015563964844 13.198769569396972656 12.949090003967285156 12.867819786071777344 11.680430412292480469 10.017769813537597656 7.8195500373840332031 7.0289697647094726562 7.1760997772216796875 7.4726300239562988281 6.3735299110412597656 2.4033000469207763672 -9999 0.94672000408172607422 2.7181999683380126953 4.128330230712890625 4.8769598007202148438 5.1927399635314941406 5.2149901390075683594 6.0046000480651855469 6.5071401596069335938 5.5317702293395996094 5.5383501052856445312 -9999 -9999
3.3955800533294677734 3.5352001190185546875 3.4527699947357177734 3.5489199161529541016 3.4994599819183349609 3.4942100048065185547 3.4835400581359863281 3.5005600452423095703 2.9322299957275390625 2.8877599239349365234 3.1166300773620605469 4.1457200050354003906 4.2219500541687011719 4.6376700401306152344 6.1496000289916992188 10.6688995361328125 12.632300376892089844 13.285699844360351562 13.136830329895019531 13.467519760131835938 13.183039665222167969 12.325610160827636719 9.9205799102783203125 8.2705202102661132812 7.3189501762390136719 7.6609601974487304688 7.3841600418090820312 5.0162801742553710938 1.1228499412536621094 -9999 1.2257900238037109375 3.9522900581359863281 5.5969500541687011719 6.28108978271484375 6.575679779052734375 5.5954799652099609375 5.5177698135375976562 5.5647401809692382812 5.5296101570129394531 5.1655001640319824219 -9999 -9999
3.2034800052642822266 3.1190199851989746094 3.2067599296569824219 3.5002200603485107422 3.662960052490234375 4.0941700935363769531 3.7093400955200195312 3.4915699958801269531 3.0886099338531494141 3.1282300949096679688 3.609600067138671875 4.1321201324462890625 3.9098999500274658203 4.1918501853942871094 5.4754800796508789062 12.166970252990722656 12.6866302490234375 11.805020332336425781 11.658209800720214844 12.661990165710449219 12.335180282592773438 10.701399803161621094 8.882900238037109375 9.3357696533203125 9.111980438232421875 8.0883502960205078125 6.8961901664733886719 1.5622299909591674805 -9999 -9999 2.0625500679016113281 6.3753800392150878906 8.9320096969604492188 11.040610313415527344 10.671680450439453125 6.4726400375366210938 6.2228598594665527344 6.1559000015258789062 6.3133602142333984375 4.9749398231506347656 -9999 -9999
3.2024800777435302734 2.577239990234375 2.6212499141693115234 3.0762801170349121094 3.3766400814056396484 3.9449999332427978516 3.4678599834442138672 3.5401699542999267578 3.3434700965881347656 3.4377100467681884766 3.9710500240325927734 4.052490234375 3.5975298881530761719 4.132080078125 5.7627000808715820312 11.640290260314941406 12.528639793395996094 11.687470436096191406 11.949609756469726562 12.645879745483398438 12.105030059814453125 11.112620353698730469 9.57427978515625 10.805749893188476562 10.619279861450195312 8.4982099533081054688 6.6005001068115234375 0.77231997251510620117 -9999 1.4266200065612792969 3.0094599723815917969 7.2155098915100097656 9.445949554443359375 10.721380233764648438 9.4604701995849609375 5.8688502311706542969 6.1488599777221679688 6.4948201179504394531 6.0621099472045898438 -9999 -9999 5.1678400039672851562
3.3449800014495849609 2.9250500202178955078 2.7359600067138671875 2.6578600406646728516 2.9792199134826660156 3.7585399150848388672 3.5433599948883056641 3.3207099437713623047 3.1221699714660644531 3.1462500095367431641 3.9141099452972412109 4.1997599601745605469 3.7900700569152832031 4.2228798866271972656 5.9476499557495117188 10.877249717712402344 12.020429611206054688 12.868680000305175781 12.935680389404296875 12.978409767150878906 11.026240348815917969 9.3228502273559570312 8.1882600784301757812 9.5065402984619140625 9.671779632568359375 7.6519398689270019531 6.0337800979614257812 -9999 -9999 1.9199800491333007812 3.7725899219512939453 7.6812901496887207031 9.2958202362060546875 9.5172300338745117188 7.19944000244140625 5.1666698455810546875 6.4385600090026855469 6.8266201019287109375 -9999 -9999 -9999 5.7885198593139648438
3.0216801166534423828 3.0979399681091308594 3.2527899742126464844 2.8404600620269775391 3.1137299537658691406 3.8467600345611572266 3.6464600563049316406 3.3047800064086914062 3.1474199295043945312 3.105319976806640625 3.6285400390625 4.1732501983642578125 4.0679402351379394531 4.4535098075866699219 6.2408299446105957031 10.240059852600097656 11.588069915771484375 12.607669830322265625 12.814949989318847656 10.961839675903320312 9.0598497390747070312 8.1524095535278320312 7.297969818115234375 7.7740998268127441406 7.7457399368286132812 6.7062802314758300781 4.7411198616027832031 -9999 1.3362300395965576172 2.5785999298095703125 4.5145897865295410156 8.0869197845458984375 9.37483978271484375 8.866390228271484375 6.6401600837707519531 5.4411897659301757812 5.9484300613403320312 6.10391998291015625 -9999 -9999 5.252140045166015625 6.2981901168823242188
2.5585799217224121094 2.4419500827789306641 3.066410064697265625 2.7597799301147460938 3.2741100788116455078 3.410160064697265625 3.0226700305938720703 3.1891400814056396484 3.1654000282287597656 3.4377200603485107422 3.7521300315856933594 4.0387201309204101562 4.1285700798034667969 5.3837199211120605469 8.4903898239135742188 10.359849929809570312 10.135840415954589844 9.4750299453735351562 9.5804195404052734375 9.3519802093505859375 7.8854198455810546875 7.2687401771545410156 7.3638501167297363281 7.8813300132751464844 6.8343400955200195312 5.2719101905822753906 -9999 -9999 2.1930000782012939453 4.0222301483154296875 5.7950201034545898438 8.3420801162719726562 7.3757100105285644531 6.9678201675415039062 5.7157101631164550781 6.07740020751953125 6.4269900321960449219 -9999 -9999 -9999 6.2441401481628417969 6.3502697944641113281
2.7298800945281982422 2.6673998832702636719 3.2880499362945556641 2.8982698917388916016 3.391510009765625 3.1590099334716796875 2.9426400661468505859 3.1231999397277832031 3.1424601078033447266 3.5184800624847412109 3.7441198825836181641 4.048419952392578125 4.4937701225280761719 6.8357501029968261719 8.8298101425170898438 8.2735700607299804688 8.7193403244018554688 9.0616502761840820312 9.1819601058959960938 8.5275297164916992188 7.882289886474609375 7.2644500732421875 7.1280999183654785156 7.0880799293518066406 6.2715101242065429688 3.6317598819732666016 -9999 1.7389199733734130859 3.2547399997711181641 5.374629974365234375 6.6074900627136230469 7.7763700485229492188 7.0502901077270507812 6.4605298042297363281 5.6363000869750976562 6.4420499801635742188 5.9689497947692871094 -9999 -9999 -9999 6.428890228271484375 6.2051801681518554688
