mflab/mfiles/fdmGeo2/duneData/DEMDr9-Dr10.asc
ncols        80
nrows        90
xllcorner    95949.093413245006
yllcorner    484709.084235029994
cellsize     10.000000000000
NODATA_value  -9999
[rows 54 to 71 of 90, columns 0 to 41 of 80]
6.3378801345825195312 7.1849398612976074219 7.4892401695251464844 8.9045000076293945312 10.411470413208007812 10.451709747314453125 10.148630142211914062 8.5668201446533203125 8.5880098342895507812 7.1913499832153320312 3.1892099380493164062 -9999 1.5739200115203857422 3.1267900466918945312 5.2495799064636230469 6.0622601509094238281 5.4227099418640136719 5.6361899375915527344 5.2620902061462402344 4.9766302108764648438 5.3665499687194824219 5.9812397956848144531 6.2814397811889648438 6.3180999755859375 -9999 -9999 -9999 -9999 -9999 6.5912799835205078125 7.0800099372863769531 5.9776101112365722656 5.9578299522399902344 6.0537900924682617188 6.1193399429321289062 6.388050079345703125 6.4388298988342285156 6.0116200447082519531 6.0077700614929199219 6.0559201240539550781 6.0376901626586914062 6.1266198158264160156
7.8033499717712402344 8.5590600967407226562 9.4784898757934570312 10.485879898071289062 10.604519844055175781 10.358889579772949219 9.3701200485229492188 9.0257501602172851562 7.7442998886108398438 4.0942602157592773438 -9999 -9999 2.4328699111938476562 4.2793002128601074219 5.7710900306701660156 6.4351201057434082031 6.174739837646484375 5.8347101211547851562 5.5327000617980957031 5.7748699188232421875 6.5185399055480957031 6.4894800186157226562 6.3638701438903808594 5.9083199501037597656 -9999 -9999 -9999 -9999 -9999 6.9359297752380371094 6.94207000732421875 6.1795301437377929688 6.3276500701904296875 6.6145801544189453125 6.679920196533203125 6.2888698577880859375 6.2091898918151855469 6.1286702156066894531 6.291790008544921875 6.060070037841796875 6.1552100181579589844 6.2555398941040039062
7.0830402374267578125 7.9369502067565917969 9.4160404205322265625 9.9814300537109375 10.431119918823242188 9.9255800247192382812 9.2571897506713867188 8.36907958984375 6.6542301177978515625 2.3324799537658691406 -9999 -9999 3.0280001163482666016 4.7197499275207519531 6.041500091552734375 6.79673004150390625 6.1461100578308105469 5.6880202293395996094 5.527919769287109375 6.0826702117919921875 6.8216900825500488281 6.3790001869201660156 5.934909820556640625 -9999 -9999 -9999 -9999 -9999 -9999 6.9064297676086425781 6.8920202255249023438 6.1925201416015625 6.38488006591796875 7.0478200912475585938 7.4899301528930664062 7.0975999832153320312 6.67173004150390625 6.5387301445007324219 6.7084498405456542969 6.8371300697326660156 6.9281702041625976562 6.88916015625
5.9920501708984375 7.1070399284362792969 10.145199775695800781 10.989839553833007812 11.722979545593261719 11.350139617919921875 10.368060111999511719 7.9296598434448242188 4.8515901565551757812 1.3229299783706665039 -9999 2.0480298995971679688 3.7298998832702636719 5.0497097969055175781 6.0918397903442382812 7.1487498283386230469 6.0044498443603515625 5.4735898971557617188 5.5620398521423339844 6.7420401573181152344 6.6614999771118164062 -9999 -9999 -9999 -9999 -9999 -9999 -9999 6.0801501274108886719 6.7624602317810058594 7.0323901176452636719 6.919139862060546875 8.0536699295043945312 9.5616903305053710938 10.462229728698730469 9.806690216064453125 8.8661403656005859375 8.4855298995971679688 8.939029693603515625 8.9001903533935546875 8.4835796356201171875 8.3731603622436523438
6.5511698722839355469 7.9762997627258300781 10.199769973754882812 9.7661800384521484375 11.160559654235839844 11.725549697875976562 11.42156982421875 7.1029500961303710938 3.1065299510955810547 -9999 -9999 2.6624600887298583984 4.2830300331115722656 5.4528498649597167969 6.2491698265075683594 6.5463399887084960938 5.7483201026916503906 5.6212000846862792969 6.3177399635314941406 6.8497400283813476562 6.1852102279663085938 -9999 -9999 6.3938398361206054688 7.0616102218627929688 7.2533597946166992188 6.9543199539184570312 6.7546701431274414062 6.9729099273681640625 7.112239837646484375 7.4705500602722167969 8.57621002197265625 8.6797399520874023438 9.9843597412109375 12.623510360717773438 13.163640022277832031 12.392189979553222656 11.843709945678710938 11.7762298583984375 11.261429786682128906 11.180470466613769531 11.280710220336914062
9.432270050048828125 9.636280059814453125 10.247010231018066406 11.154959678649902344 10.159250259399414062 10.410349845886230469 8.7611703872680664062 3.6122701168060302734 1.7058099508285522461 -9999 1.4280300140380859375 4.2199602127075195312 5.3746399879455566406 6.4006600379943847656 7.8837499618530273438 6.8596501350402832031 6.9509801864624023438 7.4949698448181152344 8.044170379638671875 6.11894989013671875 -9999 -9999 6.0078001022338867188 8.7888698577880859375 9.6688604354858398438 8.9854097366333007812 8.7964801788330078125 9.1635799407958984375 10.029509544372558594 10.594599723815917969 8.9167604446411132812 7.2892599105834960938 7.8527598381042480469 10.0150299072265625 13.173190116882324219 13.224789619445800781 12.284489631652832031 12.878849983215332031 13.239069938659667969 14.115469932556152344 14.177120208740234375 13.034219741821289062
9.4116201400756835938 9.4098100662231445312 9.4728097915649414062 10.161310195922851562 10.515119552612304688 10.9955596923828125 8.3562498092651367188 2.5349900722503662109 -9999 -9999 1.4544299840927124023 4.9500598907470703125 5.8316202163696289062 6.6266798973083496094 8.4373102188110351562 7.5905599594116210938 7.2113699913024902344 7.7270002365112304688 8.0081796646118164062 6.0260601043701171875 -9999 -9999 6.1421198844909667969 8.8365602493286132812 9.6214303970336914062 9.1683101654052734375 8.9845600128173828125 9.5909299850463867188 10.863430023193359375 11.3154296875 9.4244899749755859375 7.6529297828674316406 8.27017974853515625 10.706870079040527344 13.020000457763671875 12.02787017822265625 11.229999542236328125 11.807559967041015625 11.937000274658203125 13.195369720458984375 13.203249931335449219 12.604310035705566406
9.3361301422119140625 9.25872039794921875 9.4582500457763671875 8.97982025146484375 8.2851400375366210938 7.7371301651000976562 7.5892200469970703125 1.5392099618911743164 -9999 1.3104000091552734375 2.0248200893402099609 6.0336198806762695312 6.4190301895141601562 7.8427100181579589844 9.9272403717041015625 9.2548198699951171875 8.5201902389526367188 7.9660601615905761719 7.7912001609802246094 -9999 -9999 -9999 6.0332198143005371094 8.1407899856567382812 9.3345899581909179688 9.5205898284912109375 10.69412994384765625 12.431500434875488281 12.377900123596191406 11.351409912109375 9.7056598663330078125 10.575460433959960938 10.818829536437988281 10.843689918518066406 9.8151597976684570312 9.0608396530151367188 8.9282197952270507812 9.1282796859741210938 9.5687198638916015625 10.106060028076171875 9.57682037353515625 8.7769804000854492188
9.2950696945190429688 9.2103900909423828125 9.276470184326171875 8.8487195968627929688 8.0630102157592773438 7.5312800407409667969 7.3503198623657226562 1.7752699851989746094 -9999 1.4152899980545043945 2.5443100929260253906 6.3446297645568847656 6.9053702354431152344 8.6266698837280273438 10.502309799194335938 10.040650367736816406 8.7533397674560546875 7.9009900093078613281 7.2991800308227539062 -9999 -9999 -9999 6.0341601371765136719 8.01531982421875 9.3809499740600585938 10.327779769897460938 11.838529586791992188 12.800259590148925781 12.132340431213378906 10.75662994384765625 9.7314701080322265625 10.436220169067382812 10.030209541320800781 9.3081903457641601562 8.5420503616333007812 8.1395702362060546875 8.2720203399658203125 8.5331602096557617188 8.9921998977661132812 9.2486200332641601562 8.6068696975708007812 7.7247800827026367188
9.1849298477172851562 9.0899801254272460938 9.0396604537963867188 7.3504199981689453125 7.3307099342346191406 7.3839101791381835938 4.652130126953125 -9999 -9999 2.3682000637054443359 4.7245497703552246094 7.6750001907348632812 8.7336397171020507812 9.1035404205322265625 8.5613203048706054688 7.6473398208618164062 8.05204010009765625 6.7081198692321777344 6.2312397956848144531 -9999 -9999 6.5510897636413574219 7.5466198921203613281 10.055620193481445312 10.350769996643066406 11.3440704345703125 11.806349754333496094 10.670909881591796875 9.4135999679565429688 8.6973896026611328125 7.3233699798583984375 6.4237999916076660156 6.1511201858520507812 6.1352400779724121094 6.2685499191284179688 6.3954300880432128906 6.3206300735473632812 6.5719399452209472656 6.7823801040649414062 7.2081599235534667969 7.1836900711059570312 7.0383000373840332031
9.0968599319458007812 9.0236301422119140625 8.9800596237182617188 6.90373992919921875 7.3133602142333984375 6.7328701019287109375 2.9363799095153808594 -9999 1.6771199703216552734 3.4533801078796386719 5.3316798210144042969 8.4487895965576171875 8.3808202743530273438 8.1293497085571289062 7.3281397819519042969 8.2056703567504882812 8.1395702362060546875 6.7265901565551757812 6.3070597648620605469 -9999 6.558879852294921875 8.2417201995849609375 9.7961101531982421875 11.569529533386230469 11.458860397338867188 10.753029823303222656 9.7328195571899414062 9.1235504150390625 8.3639698028564453125 7.5064501762390136719 6.739749908447265625 6.2261700630187988281 6.0823302268981933594 6.1423101425170898438 6.2907800674438476562 6.3859300613403320312 6.3595099449157714844 6.4877400398254394531 6.5284199714660644531 6.7335801124572753906 7.1818699836730957031 7.3080401420593261719
9.0300197601318359375 8.9355001449584960938 8.8556604385375976562 6.7791900634765625 7.352519989013671875 5.3399901390075683594 -9999 -9999 2.4683499336242675781 4.5573101043701171875 6.1948699951171875 8.7602701187133789062 9.0865697860717773438 9.266139984130859375 7.9189200401306152344 8.471099853515625 8.4097299575805664062 7.2179098129272460938 6.4261798858642578125 -9999 7.4632802009582519531 9.8304595947265625 10.851909637451171875 9.8368396759033203125 8.78054046630859375 7.7876601219177246094 7.33032989501953125 7.7200598716735839844 7.5659198760986328125 6.671360015869140625 6.3370900154113769531 6.1165599822998046875 5.9661998748779296875 6.0616497993469238281 6.2473697662353515625 6.2594699859619140625 6.6177802085876464844 6.7947797775268554688 6.6924200057983398438 7.0752501487731933594 7.3727002143859863281 6.8919901847839355469
8.8433103561401367188 8.7899198532104492188 8.2587404251098632812 6.9204301834106445312 7.0491900444030761719 3.6268000602722167969 -9999 1.4600600004196166992 2.9517300128936767578 5.4301400184631347656 7.2555398941040039062 9.8277597427368164062 10.863189697265625 10.376669883728027344 9.5100498199462890625 9.0786800384521484375 8.9442501068115234375 8.1119403839111328125 6.6484498977661132812 -9999 7.0214300155639648438 8.6714601516723632812 9.2340097427368164062 8.2475996017456054688 7.4116201400756835938 6.6137499809265136719 6.4222798347473144531 7.10906982421875 6.8924298286437988281 6.2197999954223632812 6.2635498046875 6.0203599929809570312 6.0616002082824707031 6.1190900802612304688 6.3552398681640625 6.2787899971008300781 6.8068599700927734375 6.6900601387023925781 6.52873992919921875 6.9491801261901855469 6.9146199226379394531 6.4254598617553710938
8.7359895706176757812 8.4516201019287109375 6.2858700752258300781 7.0610599517822265625 4.4554700851440429688 -9999 -9999 2.8232998847961425781 4.7270798683166503906 6.5022101402282714844 7.9233298301696777344 8.805419921875 8.8452997207641601562 9.07373046875 9.5275402069091796875 9.66732025146484375 9.5620403289794921875 7.8720002174377441406 -9999 -9999 6.7701802253723144531 7.8672199249267578125 8.5241498947143554688 7.7626900672912597656 6.787059783935546875 5.8613901138305664062 5.6157197952270507812 6.191860198974609375 6.3337202072143554688 6.0231900215148925781 5.8206300735473632812 5.4740200042724609375 5.5360198020935058594 5.5413699150085449219 5.509960174560546875 5.4855799674987792969 5.6267199516296386719 5.69207000732421875 5.8180098533630371094 6.2365999221801757812 6.49777984619140625 6.5986499786376953125
8.6039400100708007812 7.8375601768493652344 5.8955302238464355469 6.4107799530029296875 2.8037800788879394531 -9999 0.99519997835159301758 3.7436900138854980469 5.5373201370239257812 7.0398402214050292969 8.8057699203491210938 9.6398401260375976562 9.5911102294921875 9.3794498443603515625 9.1721096038818359375 8.8511199951171875 7.7380900382995605469 6.5721001625061035156 -9999 -9999 6.5884599685668945312 7.6354398727416992188 7.9598498344421386719 6.9017100334167480469 6.3137998580932617188 5.6833100318908691406 5.1813797950744628906 6.0275301933288574219 5.9690699577331542969 5.7636399269104003906 5.6345400810241699219 5.5284700393676757812 5.7520298957824707031 5.6021399497985839844 5.4475798606872558594 5.586299896240234375 5.8767600059509277344 5.8887600898742675781 6.0330901145935058594 6.4631600379943847656 6.7368497848510742188 6.8495001792907714844
8.511890411376953125 7.1675601005554199219 6.2079100608825683594 5.0685901641845703125 1.4335700273513793945 -9999 1.3584799766540527344 4.6337800025939941406 6.245880126953125 7.7834901809692382812 9.3795499801635742188 9.9090299606323242188 9.443630218505859375 9.3190603256225585938 9.0337800979614257812 7.51251983642578125 6.7985501289367675781 -9999 -9999 6.3143401145935058594 6.8438601493835449219 7.4559698104858398438 7.2996401786804199219 5.9740400314331054688 5.80529022216796875 5.5418701171875 5.1414098739624023438 5.9861102104187011719 5.7947697639465332031 5.3932299613952636719 5.6759400367736816406 6.0072999000549316406 6.0792298316955566406 5.6541299819946289062 5.3471398353576660156 5.4991297721862792969 5.6186800003051757812 5.8018598556518554688 5.9116997718811035156 6.3889799118041992188 6.6455402374267578125 6.987850189208984375
8.2124204635620117188 6.4216799736022949219 6.6136999130249023438 3.4013400077819824219 -9999 -9999 1.8371000289916992188 5.3654999732971191406 6.8099398612976074219 8.1439695358276367188 9.8447904586791992188 9.9286203384399414062 9.3464803695678710938 9.297710418701171875 8.66374969482421875 6.5704798698425292969 -9999 -9999 6.1370000839233398438 6.9626698493957519531 7.269229888916015625 7.017330169677734375 6.3114500045776367188 5.7179098129272460938 5.4889202117919921875 5.469409942626953125 5.3924098014831542969 6.3319501876831054688 6.3105797767639160156 5.6133098602294921875 5.6062397956848144531 5.9969000816345214844 6.0991702079772949219 5.8350300788879394531 5.7355399131774902344 5.9733400344848632812 6.044750213623046875 6.2377600669860839844 6.5259199142456054688 6.9025897979736328125 6.9588198661804199219 7.415180206298828125
6.6003599166870117188 6.0606799125671386719 6.7906599044799804688 0.90839999914169311523 -9999 1.5896999835968017578 3.7241199016571044922 7.1456398963928222656 7.5747399330139160156 8.50959014892578125 8.7236700057983398438 9.0878696441650390625 8.3588895797729492188 8.1758403778076171875 7.4365401268005371094 6.2217998504638671875 -9999 -9999 6.1036200523376464844 8.323490142822265625 7.611820220947265625 6.9877300262451171875 6.3953599929809570312 5.1797699928283691406 5.2339200973510742188 5.8993501663208007812 6.3916602134704589844 7.4130301475524902344 7.7524399757385253906 7.7870402336120605469 6.5349698066711425781 6.0897498130798339844 6.2367401123046875 6.4709100723266601562 6.6561498641967773438 7.2943100929260253906 7.5958399772644042969 7.5971198081970214844 7.5134801864624023438 7.9507799148559570312 8.880069732666015625 9.5032100677490234375
